******************************
test_result.svm
trainm:124
testm:29
linear:0.31034
quadratic:0.37931
mlp:0.41379
rbf:0.37931
polynomial:0.27586
******************************
train_result.svm
trainm:124
testm:124
linear:0.1129
quadratic:0.0080645
mlp:0.55645
rbf:0.0080645
polynomial:0.0080645
******************************
all_result.svm
trainm:124
testm:153
linear:0.15033
quadratic:0.078431
mlp:0.52941
rbf:0.078431
polynomial:0.058824
