******************************
test_result.svm
trainm:131
testm:22
linear:0.36364
quadratic:0.36364
mlp:0.45455
rbf:0.45455
******************************
train_result.svm
trainm:131
testm:131
linear:0.12977
quadratic:0.0076336
mlp:0.33588
rbf:0.0076336
******************************
all_result.svm
trainm:131
testm:153
linear:0.1634
quadratic:0.058824
mlp:0.35294
rbf:0.071895
