******************************
test_result.svm
trainm:119
testm:34
linear:0.47059
quadratic:0.47059
mlp:0.5
rbf:0.41176
******************************
train_result.svm
trainm:119
testm:119
linear:0.092437
quadratic:0.0084034
mlp:0.54622
rbf:0.0084034
******************************
all_result.svm
trainm:119
testm:153
linear:0.17647
quadratic:0.11111
mlp:0.53595
rbf:0.098039
