******************************
test_result.svm
trainm:128
testm:25
linear:0.4
quadratic:0.4
mlp:0.36
rbf:0.44
polynomial:0.52
******************************
train_result.svm
trainm:128
testm:128
linear:0.14062
quadratic:0.0078125
mlp:0.61719
rbf:0.0078125
polynomial:0.0078125
******************************
all_result.svm
trainm:128
testm:153
linear:0.18301
quadratic:0.071895
mlp:0.57516
rbf:0.078431
polynomial:0.091503
