******************************
test_result.svm
trainm:127
testm:26
linear:0.30769
quadratic:0.19231
mlp:0.30769
rbf:0.34615
******************************
train_result.svm
trainm:127
testm:127
linear:0.14961
quadratic:0.007874
mlp:0.6063
rbf:0.007874
******************************
all_result.svm
trainm:127
testm:153
linear:0.17647
quadratic:0.039216
mlp:0.55556
rbf:0.065359
