******************************
test_result.svm
trainm:122
testm:31
linear:0.35484
quadratic:0.29032
mlp:0.51613
rbf:0.35484
polynomial:0.32258
******************************
train_result.svm
trainm:122
testm:122
linear:0.13934
quadratic:0.0081967
mlp:0.58197
rbf:0.0081967
polynomial:0.0081967
******************************
all_result.svm
trainm:122
testm:153
linear:0.18301
quadratic:0.065359
mlp:0.56863
rbf:0.078431
polynomial:0.071895
