******************************
test_result.svm
trainm:128
testm:25
linear:0.48
quadratic:0.48
mlp:0.36
rbf:0.52
polynomial:0.48
******************************
train_result.svm
trainm:128
testm:128
linear:0.15625
quadratic:0.0078125
mlp:0.53125
rbf:0.0078125
polynomial:0.0078125
******************************
all_result.svm
trainm:128
testm:153
linear:0.20915
quadratic:0.084967
mlp:0.50327
rbf:0.091503
polynomial:0.084967
