******************************
test_result.svm
trainm:116
testm:37
linear:0.45946
quadratic:0.32432
mlp:0.48649
rbf:0.2973
polynomial:0.2973
******************************
train_result.svm
trainm:116
testm:116
linear:0.12069
quadratic:0.0086207
mlp:0.55172
rbf:0.0086207
polynomial:0.0086207
******************************
all_result.svm
trainm:116
testm:153
linear:0.20261
quadratic:0.084967
mlp:0.53595
rbf:0.078431
polynomial:0.078431
