******************************
test_result.svm
trainm:126
testm:27
linear:0.51852
quadratic:0.51852
mlp:0.55556
rbf:0.33333
polynomial:0.33333
******************************
train_result.svm
trainm:126
testm:126
linear:0.11111
quadratic:0.0079365
mlp:0.56349
rbf:0.0079365
polynomial:0.0079365
******************************
all_result.svm
trainm:126
testm:153
linear:0.18301
quadratic:0.098039
mlp:0.56209
rbf:0.065359
polynomial:0.065359
