******************************
test_result.svm
trainm:118
testm:35
linear:0.31429
quadratic:0.42857
mlp:0.34286
rbf:0.34286
polynomial:0.34286
******************************
train_result.svm
trainm:118
testm:118
linear:0.18644
quadratic:0.0084746
mlp:0.61017
rbf:0.0084746
polynomial:0.0084746
******************************
all_result.svm
trainm:118
testm:153
linear:0.21569
quadratic:0.10458
mlp:0.54902
rbf:0.084967
polynomial:0.084967
