******************************
test_result.svm
trainm:122
testm:31
linear:0.3871
quadratic:0.32258
mlp:0.45161
rbf:0.22581
polynomial:0.32258
******************************
train_result.svm
trainm:122
testm:122
linear:0.11475
quadratic:0.0081967
mlp:0.59836
rbf:0.0081967
polynomial:0.0081967
******************************
all_result.svm
trainm:122
testm:153
linear:0.16993
quadratic:0.071895
mlp:0.56863
rbf:0.052288
polynomial:0.071895
