******************************
test_result.svm
trainm:140
testm:13
linear:0.30769
quadratic:0.23077
mlp:0.53846
rbf:0.38462
******************************
train_result.svm
trainm:140
testm:140
linear:0.15
quadratic:0.0071429
mlp:0.6
rbf:0.0071429
******************************
all_result.svm
trainm:140
testm:153
linear:0.1634
quadratic:0.026144
mlp:0.59477
rbf:0.039216
