******************************
test_result.svm
trainm:130
testm:23
linear:0.3913
quadratic:0.30435
mlp:0.52174
rbf:0.47826
******************************
train_result.svm
trainm:130
testm:130
linear:0.16154
quadratic:0.0076923
mlp:0.57692
rbf:0.0076923
******************************
all_result.svm
trainm:130
testm:153
linear:0.19608
quadratic:0.052288
mlp:0.56863
rbf:0.078431
