******************************
test_result.svm
trainm:126
testm:27
linear:0.37037
quadratic:0.40741
mlp:0.44444
rbf:0.37037
polynomial:0.33333
******************************
train_result.svm
trainm:126
testm:126
linear:0.15873
quadratic:0.0079365
mlp:0.5873
rbf:0.0079365
polynomial:0.0079365
******************************
all_result.svm
trainm:126
testm:153
linear:0.19608
quadratic:0.078431
mlp:0.56209
rbf:0.071895
polynomial:0.065359
