******************************
test_result.svm
trainm:122
testm:31
linear:0.54839
quadratic:0.35484
mlp:0.58065
rbf:0.41935
******************************
train_result.svm
trainm:122
testm:122
linear:0.13115
quadratic:0.0081967
mlp:0.57377
rbf:0.0081967
******************************
all_result.svm
trainm:122
testm:153
linear:0.21569
quadratic:0.078431
mlp:0.57516
rbf:0.091503
