******************************
test_result.svm
trainm:122
testm:31
linear:0.41935
quadratic:0.41935
mlp:0.48387
rbf:0.3871
polynomial:0.45161
******************************
train_result.svm
trainm:122
testm:122
linear:0.07377
quadratic:0.0081967
mlp:0.55738
rbf:0.0081967
polynomial:0.0081967
******************************
all_result.svm
trainm:122
testm:153
linear:0.14379
quadratic:0.091503
mlp:0.54248
rbf:0.084967
polynomial:0.098039
