******************************
test_result.svm
trainm:119
testm:34
linear:0.29412
quadratic:0.41176
mlp:0.44118
rbf:0.44118
polynomial:0.5
******************************
train_result.svm
trainm:119
testm:119
linear:0.14286
quadratic:0.0084034
mlp:0.33613
rbf:0.0084034
polynomial:0.0084034
******************************
all_result.svm
trainm:119
testm:153
linear:0.17647
quadratic:0.098039
mlp:0.35948
rbf:0.10458
polynomial:0.11765
