******************************
test_result.svm
trainm:127
testm:26
linear:0.34615
quadratic:0.42308
mlp:0.61538
rbf:0.42308
******************************
train_result.svm
trainm:127
testm:127
linear:0.14961
quadratic:0.007874
mlp:0.51181
rbf:0.007874
******************************
all_result.svm
trainm:127
testm:153
linear:0.18301
quadratic:0.078431
mlp:0.52941
rbf:0.078431
