******************************
test_result.svm
trainm:124
testm:29
linear:0.58621
quadratic:0.37931
mlp:0.48276
rbf:0.41379
polynomial:0.41379
******************************
train_result.svm
trainm:124
testm:124
linear:0.15323
quadratic:0.0080645
mlp:0.57258
rbf:0.0080645
polynomial:0.0080645
******************************
all_result.svm
trainm:124
testm:153
linear:0.23529
quadratic:0.078431
mlp:0.55556
rbf:0.084967
polynomial:0.084967
