******************************
test_result.svm
trainm:124
testm:29
linear:0.48276
quadratic:0.24138
mlp:0.58621
rbf:0.37931
polynomial:0.27586
******************************
train_result.svm
trainm:124
testm:124
linear:0.12903
quadratic:0.0080645
mlp:0.53226
rbf:0.0080645
polynomial:0.0080645
******************************
all_result.svm
trainm:124
testm:153
linear:0.19608
quadratic:0.052288
mlp:0.54248
rbf:0.078431
polynomial:0.058824
