******************************
test_result.svm
trainm:129
testm:24
linear:0.45833
quadratic:0.25
mlp:0.58333
rbf:0.29167
polynomial:0.29167
******************************
train_result.svm
trainm:129
testm:129
linear:0.13953
quadratic:0.0077519
mlp:0.58915
rbf:0.0077519
polynomial:0.0077519
******************************
all_result.svm
trainm:129
testm:153
linear:0.18954
quadratic:0.045752
mlp:0.58824
rbf:0.052288
polynomial:0.052288
