******************************
test_result.svm
trainm:127
testm:26
linear:0.57692
quadratic:0.30769
mlp:0.53846
rbf:0.26923
polynomial:0.34615
******************************
train_result.svm
trainm:127
testm:127
linear:0.086614
quadratic:0.007874
mlp:0.55906
rbf:0.007874
polynomial:0.007874
******************************
all_result.svm
trainm:127
testm:153
linear:0.16993
quadratic:0.058824
mlp:0.55556
rbf:0.052288
polynomial:0.065359
