******************************
test_result.svm
trainm:118
testm:35
linear:0.42857
quadratic:0.42857
mlp:0.42857
rbf:0.45714
polynomial:0.45714
******************************
train_result.svm
trainm:118
testm:118
linear:0.10169
quadratic:0.0084746
mlp:0.5678
rbf:0.0084746
polynomial:0.0084746
******************************
all_result.svm
trainm:118
testm:153
linear:0.17647
quadratic:0.10458
mlp:0.53595
rbf:0.11111
polynomial:0.11111
