******************************
test_result.svm
trainm:122
testm:31
linear:0.3871
quadratic:0.32258
mlp:0.48387
rbf:0.3871
******************************
train_result.svm
trainm:122
testm:122
linear:0.15574
quadratic:0.0081967
mlp:0.63934
rbf:0.0081967
******************************
all_result.svm
trainm:122
testm:153
linear:0.20261
quadratic:0.071895
mlp:0.60784
rbf:0.084967
