******************************
test_result.svm
trainm:123
testm:30
linear:0.36667
quadratic:0.4
mlp:0.4
rbf:0.4
polynomial:0.43333
******************************
train_result.svm
trainm:123
testm:123
linear:0.13008
quadratic:0.0081301
mlp:0.58537
rbf:0.0081301
polynomial:0.0081301
******************************
all_result.svm
trainm:123
testm:153
linear:0.17647
quadratic:0.084967
mlp:0.54902
rbf:0.084967
polynomial:0.091503
