******************************
test_result.svm
trainm:134
testm:19
linear:0.42105
quadratic:0.36842
mlp:0.47368
rbf:0.21053
polynomial:0.31579
******************************
train_result.svm
trainm:134
testm:134
linear:0.17164
quadratic:0.0074627
mlp:0.57463
rbf:0.0074627
polynomial:0.0074627
******************************
all_result.svm
trainm:134
testm:153
linear:0.20261
quadratic:0.052288
mlp:0.56209
rbf:0.03268
polynomial:0.045752
