******************************
test_result.svm
trainm:122
testm:31
linear:0.51613
quadratic:0.41935
mlp:0.41935
rbf:0.41935
******************************
train_result.svm
trainm:122
testm:122
linear:0.098361
quadratic:0.0081967
mlp:0.34426
rbf:0.0081967
******************************
all_result.svm
trainm:122
testm:153
linear:0.18301
quadratic:0.091503
mlp:0.35948
rbf:0.091503
