******************************
test_result.svm
trainm:128
testm:25
linear:0.48
quadratic:0.44
mlp:0.48
rbf:0.32
polynomial:0.48
******************************
train_result.svm
trainm:128
testm:128
linear:0.10938
quadratic:0.0078125
mlp:0.5625
rbf:0.0078125
polynomial:0.0078125
******************************
all_result.svm
trainm:128
testm:153
linear:0.16993
quadratic:0.078431
mlp:0.54902
rbf:0.058824
polynomial:0.084967
