******************************
test_result.svm
trainm:126
testm:27
quadratic:0.2963
mlp:0.37037
rbf:0.40741
polynomial:0.22222
******************************
train_result.svm
trainm:126
testm:126
quadratic:0.0079365
mlp:0.57937
rbf:0.0079365
polynomial:0.0079365
******************************
all_result.svm
trainm:126
testm:153
quadratic:0.058824
mlp:0.54248
rbf:0.078431
polynomial:0.045752
