******************************
test_result.svm
trainm:126
testm:27
linear:0.33333
quadratic:0.33333
mlp:0.22222
rbf:0.25926
polynomial:0.37037
******************************
train_result.svm
trainm:126
testm:126
linear:0.10317
quadratic:0.0079365
mlp:0.38095
rbf:0.0079365
polynomial:0.0079365
******************************
all_result.svm
trainm:126
testm:153
linear:0.14379
quadratic:0.065359
mlp:0.35294
rbf:0.052288
polynomial:0.071895
