******************************
test_result.svm
trainm:121
testm:32
linear:0.40625
quadratic:0.375
mlp:0.46875
rbf:0.46875
******************************
train_result.svm
trainm:121
testm:121
linear:0.14876
quadratic:0.0082645
mlp:0.53719
rbf:0.0082645
******************************
all_result.svm
trainm:121
testm:153
linear:0.20261
quadratic:0.084967
mlp:0.52288
rbf:0.10458
