******************************
test_result.svm
trainm:116
testm:37
linear:0.45946
quadratic:0.40541
mlp:0.43243
rbf:0.54054
polynomial:0.40541
******************************
train_result.svm
trainm:116
testm:116
linear:0.086207
quadratic:0.0086207
mlp:0.53448
rbf:0.0086207
polynomial:0.0086207
******************************
all_result.svm
trainm:116
testm:153
linear:0.17647
quadratic:0.10458
mlp:0.5098
rbf:0.13725
polynomial:0.10458
