******************************
test_result.svm
trainm:117
testm:36
linear:0.33333
quadratic:0.36111
mlp:0.47222
rbf:0.44444
******************************
train_result.svm
trainm:117
testm:117
linear:0.12821
quadratic:0.008547
mlp:0.48718
rbf:0.008547
******************************
all_result.svm
trainm:117
testm:153
linear:0.17647
quadratic:0.091503
mlp:0.48366
rbf:0.11111
