******************************
test_result.svm
trainm:120
testm:33
linear:0.30303
quadratic:0.33333
mlp:0.51515
rbf:0.33333
******************************
train_result.svm
trainm:120
testm:120
linear:0.15833
quadratic:0.0083333
mlp:0.56667
rbf:0.0083333
******************************
all_result.svm
trainm:120
testm:153
linear:0.18954
quadratic:0.078431
mlp:0.55556
rbf:0.078431
