******************************
test_result.svm
trainm:122
testm:31
linear:0.48387
quadratic:0.35484
mlp:0.54839
rbf:0.32258
polynomial:0.32258
******************************
train_result.svm
trainm:122
testm:122
linear:0.13115
quadratic:0.0081967
mlp:0.54918
rbf:0.0081967
polynomial:0.0081967
******************************
all_result.svm
trainm:122
testm:153
linear:0.20261
quadratic:0.078431
mlp:0.54902
rbf:0.071895
polynomial:0.071895
