******************************
test_result.svm
trainm:127
testm:26
linear:0.34615
quadratic:0.34615
mlp:0.53846
rbf:0.15385
polynomial:0.34615
******************************
train_result.svm
trainm:127
testm:127
linear:0.13386
quadratic:0.007874
mlp:0.56693
rbf:0.007874
polynomial:0.007874
******************************
all_result.svm
trainm:127
testm:153
linear:0.16993
quadratic:0.065359
mlp:0.56209
rbf:0.03268
polynomial:0.065359
