******************************
test_result.svm
trainm:126
testm:27
linear:0.22222
quadratic:0.44444
mlp:0.44444
rbf:0.48148
polynomial:0.37037
******************************
train_result.svm
trainm:126
testm:126
linear:0.18254
quadratic:0.0079365
mlp:0.61111
rbf:0.0079365
polynomial:0.0079365
******************************
all_result.svm
trainm:126
testm:153
linear:0.18954
quadratic:0.084967
mlp:0.5817
rbf:0.091503
polynomial:0.071895
