******************************
test_result.svm
trainm:122
testm:31
linear:0.41935
quadratic:0.32258
mlp:0.54839
rbf:0.29032
******************************
train_result.svm
trainm:122
testm:122
linear:0.10656
quadratic:0.0081967
mlp:0.53279
rbf:0.0081967
******************************
all_result.svm
trainm:122
testm:153
linear:0.16993
quadratic:0.071895
mlp:0.53595
rbf:0.065359
