******************************
test_result.svm
trainm:120
testm:33
linear:0.60606
quadratic:0.42424
mlp:0.66667
rbf:0.27273
polynomial:0.39394
******************************
train_result.svm
trainm:120
testm:120
linear:0.1
quadratic:0.0083333
mlp:0.56667
rbf:0.0083333
polynomial:0.0083333
******************************
all_result.svm
trainm:120
testm:153
linear:0.20915
quadratic:0.098039
mlp:0.58824
rbf:0.065359
polynomial:0.091503
