******************************
test_result.svm
trainm:122
testm:31
linear:0.48387
quadratic:0.48387
mlp:0.48387
rbf:0.48387
******************************
train_result.svm
trainm:122
testm:122
linear:0.13934
quadratic:0.0081967
mlp:0.55738
rbf:0.0081967
******************************
all_result.svm
trainm:122
testm:153
linear:0.20915
quadratic:0.10458
mlp:0.54248
rbf:0.10458
