******************************
test_result.svm
trainm:119
testm:34
linear:0.38235
quadratic:0.44118
mlp:0.41176
rbf:0.38235
******************************
train_result.svm
trainm:119
testm:119
linear:0.15126
quadratic:0.0084034
mlp:0.56303
rbf:0.0084034
******************************
all_result.svm
trainm:119
testm:153
linear:0.20261
quadratic:0.10458
mlp:0.52941
rbf:0.091503
