******************************
test_result.svm
trainm:128
testm:25
linear:0.52
quadratic:0.32
mlp:0.48
rbf:0.36
polynomial:0.4
******************************
train_result.svm
trainm:128
testm:128
linear:0.13281
quadratic:0.0078125
mlp:0.57812
rbf:0.0078125
polynomial:0.0078125
******************************
all_result.svm
trainm:128
testm:153
linear:0.19608
quadratic:0.058824
mlp:0.56209
rbf:0.065359
polynomial:0.071895
