******************************
test_result.svm
trainm:116
testm:37
linear:0.32432
quadratic:0.35135
mlp:0.37838
rbf:0.27027
polynomial:0.35135
******************************
train_result.svm
trainm:116
testm:116
linear:0.10345
quadratic:0.0086207
mlp:0.56897
rbf:0.0086207
polynomial:0.0086207
******************************
all_result.svm
trainm:116
testm:153
linear:0.15686
quadratic:0.091503
mlp:0.52288
rbf:0.071895
polynomial:0.091503
