******************************
test_result.svm
trainm:112
testm:41
linear:0.34146
quadratic:0.31707
mlp:0.5122
rbf:0.31707
polynomial:0.26829
******************************
train_result.svm
trainm:112
testm:112
linear:0.13393
quadratic:0.0089286
mlp:0.61607
rbf:0.0089286
polynomial:0.0089286
******************************
all_result.svm
trainm:112
testm:153
linear:0.18954
quadratic:0.091503
mlp:0.58824
rbf:0.091503
polynomial:0.078431
