******************************
test_result.svm
trainm:122
testm:31
linear:0.3871
quadratic:0.45161
mlp:0.45161
rbf:0.54839
polynomial:0.48387
******************************
train_result.svm
trainm:122
testm:122
linear:0.11475
quadratic:0.0081967
mlp:0.56557
rbf:0.0081967
polynomial:0.0081967
******************************
all_result.svm
trainm:122
testm:153
linear:0.16993
quadratic:0.098039
mlp:0.54248
rbf:0.11765
polynomial:0.10458
