******************************
test_result.svm
trainm:126
testm:27
linear:0.37037
quadratic:0.37037
mlp:0.48148
rbf:0.33333
******************************
train_result.svm
trainm:126
testm:126
linear:0.11905
quadratic:0.0079365
mlp:0.60317
rbf:0.0079365
******************************
all_result.svm
trainm:126
testm:153
linear:0.1634
quadratic:0.071895
mlp:0.5817
rbf:0.065359
