******************************
test_result.svm
trainm:126
testm:27
linear:0.44444
quadratic:0.22222
mlp:0.48148
rbf:0.18519
******************************
train_result.svm
trainm:126
testm:126
linear:0.15079
quadratic:0.0079365
mlp:0.56349
rbf:0.0079365
******************************
all_result.svm
trainm:126
testm:153
linear:0.20261
quadratic:0.045752
mlp:0.54902
rbf:0.039216
