******************************
test_result.svm
trainm:124
testm:29
linear:0.41379
quadratic:0.44828
mlp:0.48276
rbf:0.41379
******************************
train_result.svm
trainm:124
testm:124
linear:0.12097
quadratic:0.0080645
mlp:0.54839
rbf:0.0080645
******************************
all_result.svm
trainm:124
testm:153
linear:0.17647
quadratic:0.091503
mlp:0.53595
rbf:0.084967
