******************************
test_result.svm
trainm:110
testm:43
linear:0.30233
quadratic:0.27907
mlp:0.46512
rbf:0.37209
******************************
train_result.svm
trainm:110
testm:110
linear:0.1
quadratic:0.0090909
mlp:0.55455
rbf:0.0090909
******************************
all_result.svm
trainm:110
testm:153
linear:0.15686
quadratic:0.084967
mlp:0.52941
rbf:0.11111
