******************************
test_result.svm
trainm:129
testm:24
linear:0.41667
quadratic:0.33333
mlp:0.45833
rbf:0.29167
polynomial:0.20833
******************************
train_result.svm
trainm:129
testm:129
linear:0.17829
quadratic:0.0077519
mlp:0.5969
rbf:0.0077519
polynomial:0.0077519
******************************
all_result.svm
trainm:129
testm:153
linear:0.21569
quadratic:0.058824
mlp:0.57516
rbf:0.052288
polynomial:0.039216
