******************************
test_result.svm
trainm:120
testm:33
linear:0.42424
quadratic:0.30303
mlp:0.45455
rbf:0.33333
polynomial:0.30303
******************************
train_result.svm
trainm:120
testm:120
linear:0.13333
quadratic:0.0083333
mlp:0.55
rbf:0.0083333
polynomial:0.0083333
******************************
all_result.svm
trainm:120
testm:153
linear:0.19608
quadratic:0.071895
mlp:0.52941
rbf:0.078431
polynomial:0.071895
