******************************
test_result.svm
trainm:127
testm:26
linear:0.46154
quadratic:0.46154
mlp:0.5
rbf:0.30769
polynomial:0.38462
******************************
train_result.svm
trainm:127
testm:127
linear:0.10236
quadratic:0.007874
mlp:0.59055
rbf:0.007874
polynomial:0.007874
******************************
all_result.svm
trainm:127
testm:153
linear:0.1634
quadratic:0.084967
mlp:0.57516
rbf:0.058824
polynomial:0.071895
