******************************
test_result.svm
trainm:127
testm:26
linear:0.34615
quadratic:0.38462
mlp:0.53846
rbf:0.38462
******************************
train_result.svm
trainm:127
testm:127
linear:0.14961
quadratic:0.007874
mlp:0.55118
rbf:0.007874
******************************
all_result.svm
trainm:127
testm:153
linear:0.18301
quadratic:0.071895
mlp:0.54902
rbf:0.071895
