******************************
test_result.svm
trainm:123
testm:30
linear:0.5
quadratic:0.36667
mlp:0.43333
rbf:0.26667
polynomial:0.5
******************************
train_result.svm
trainm:123
testm:123
linear:0.11382
quadratic:0.0081301
mlp:0.53659
rbf:0.0081301
polynomial:0.0081301
******************************
all_result.svm
trainm:123
testm:153
linear:0.18954
quadratic:0.078431
mlp:0.51634
rbf:0.058824
polynomial:0.10458
