******************************
test_result.svm
trainm:126
testm:27
linear:0.44444
quadratic:0.44444
mlp:0.40741
rbf:0.40741
******************************
train_result.svm
trainm:126
testm:126
linear:0.15079
quadratic:0.0079365
mlp:0.5873
rbf:0.0079365
******************************
all_result.svm
trainm:126
testm:153
linear:0.20261
quadratic:0.084967
mlp:0.55556
rbf:0.078431
