******************************
test_result.svm
trainm:128
testm:25
linear:0.28
quadratic:0.48
mlp:0.52
rbf:0.48
polynomial:0.44
******************************
train_result.svm
trainm:128
testm:128
linear:0.14062
quadratic:0.0078125
mlp:0.53906
rbf:0.0078125
polynomial:0.0078125
******************************
all_result.svm
trainm:128
testm:153
linear:0.1634
quadratic:0.084967
mlp:0.53595
rbf:0.084967
polynomial:0.078431
