******************************
test_result.svm
trainm:123
testm:30
linear:0.33333
quadratic:0.26667
mlp:0.46667
rbf:0.26667
polynomial:0.23333
******************************
train_result.svm
trainm:123
testm:123
linear:0.13821
quadratic:0.0081301
mlp:0.57724
rbf:0.0081301
polynomial:0.0081301
******************************
all_result.svm
trainm:123
testm:153
linear:0.17647
quadratic:0.058824
mlp:0.55556
rbf:0.058824
polynomial:0.052288
