******************************
test_result.svm
trainm:123
testm:30
linear:0.56667
quadratic:0.33333
mlp:0.46667
rbf:0.46667
polynomial:0.3
******************************
train_result.svm
trainm:123
testm:123
linear:0.11382
quadratic:0.0081301
mlp:0.56098
rbf:0.0081301
polynomial:0.0081301
******************************
all_result.svm
trainm:123
testm:153
linear:0.20261
quadratic:0.071895
mlp:0.54248
rbf:0.098039
polynomial:0.065359
