******************************
test_result.svm
trainm:120
testm:33
linear:0.36364
quadratic:0.33333
mlp:0.36364
rbf:0.36364
polynomial:0.42424
******************************
train_result.svm
trainm:120
testm:120
linear:0.11667
quadratic:0.0083333
mlp:0.35
rbf:0.0083333
polynomial:0.0083333
******************************
all_result.svm
trainm:120
testm:153
linear:0.16993
quadratic:0.078431
mlp:0.35294
rbf:0.084967
polynomial:0.098039
