******************************
test_result.svm
trainm:120
testm:33
linear:0.36364
quadratic:0.30303
mlp:0.54545
rbf:0.36364
******************************
train_result.svm
trainm:120
testm:120
linear:0.16667
quadratic:0.0083333
mlp:0.575
rbf:0.0083333
******************************
all_result.svm
trainm:120
testm:153
linear:0.20915
quadratic:0.071895
mlp:0.56863
rbf:0.084967
