******************************
test_result.svm
trainm:126
testm:27
linear:0.40741
quadratic:0.55556
mlp:0.55556
rbf:0.44444
polynomial:0.40741
******************************
train_result.svm
trainm:126
testm:126
linear:0.11905
quadratic:0.0079365
mlp:0.55556
rbf:0.0079365
polynomial:0.0079365
******************************
all_result.svm
trainm:126
testm:153
linear:0.16993
quadratic:0.10458
mlp:0.55556
rbf:0.084967
polynomial:0.078431
