******************************
test_result.svm
trainm:115
testm:38
linear:0.47368
quadratic:0.28947
mlp:0.44737
rbf:0.36842
******************************
train_result.svm
trainm:115
testm:115
linear:0.11304
quadratic:0.0086957
mlp:0.61739
rbf:0.0086957
******************************
all_result.svm
trainm:115
testm:153
linear:0.20261
quadratic:0.078431
mlp:0.57516
rbf:0.098039
