******************************
test_result.svm
trainm:119
testm:34
linear:0.38235
quadratic:0.35294
mlp:0.26471
rbf:0.26471
polynomial:0.32353
******************************
train_result.svm
trainm:119
testm:119
linear:0.14286
quadratic:0.0084034
mlp:0.38655
rbf:0.0084034
polynomial:0.0084034
******************************
all_result.svm
trainm:119
testm:153
linear:0.19608
quadratic:0.084967
mlp:0.35948
rbf:0.065359
polynomial:0.078431
