******************************
test_result.svm
trainm:124
testm:29
linear:0.41379
quadratic:0.37931
mlp:0.41379
rbf:0.37931
polynomial:0.37931
******************************
train_result.svm
trainm:124
testm:124
linear:0.12903
quadratic:0.0080645
mlp:0.57258
rbf:0.0080645
polynomial:0.0080645
******************************
all_result.svm
trainm:124
testm:153
linear:0.18301
quadratic:0.078431
mlp:0.54248
rbf:0.078431
polynomial:0.078431
