******************************
test_result.svm
trainm:118
testm:35
linear:0.4
quadratic:0.4
mlp:0.4
rbf:0.37143
polynomial:0.48571
******************************
train_result.svm
trainm:118
testm:118
linear:0.09322
quadratic:0.0084746
mlp:0.57627
rbf:0.0084746
polynomial:0.0084746
******************************
all_result.svm
trainm:118
testm:153
linear:0.1634
quadratic:0.098039
mlp:0.53595
rbf:0.091503
polynomial:0.11765
