******************************
test_result.svm
trainm:124
testm:29
linear:0.48276
quadratic:0.37931
mlp:0.44828
rbf:0.31034
polynomial:0.44828
******************************
train_result.svm
trainm:124
testm:124
linear:0.1371
quadratic:0.0080645
mlp:0.51613
rbf:0.0080645
polynomial:0.0080645
******************************
all_result.svm
trainm:124
testm:153
linear:0.20261
quadratic:0.078431
mlp:0.50327
rbf:0.065359
polynomial:0.091503
