******************************
test_result.svm
trainm:121
testm:32
linear:0.5625
quadratic:0.5625
mlp:0.5625
rbf:0.46875
polynomial:0.5625
******************************
train_result.svm
trainm:121
testm:121
linear:0.066116
quadratic:0.0082645
mlp:0.59504
rbf:0.0082645
polynomial:0.0082645
******************************
all_result.svm
trainm:121
testm:153
linear:0.16993
quadratic:0.12418
mlp:0.58824
rbf:0.10458
polynomial:0.12418
