******************************
test_result.svm
trainm:117
testm:36
linear:0.36111
quadratic:0.27778
mlp:0.44444
rbf:0.30556
******************************
train_result.svm
trainm:117
testm:117
linear:0.1453
quadratic:0.008547
mlp:0.5812
rbf:0.008547
******************************
all_result.svm
trainm:117
testm:153
linear:0.19608
quadratic:0.071895
mlp:0.54902
rbf:0.078431
