******************************
test_result.svm
trainm:121
testm:32
linear:0.3125
quadratic:0.3125
mlp:0.4375
rbf:0.3125
******************************
train_result.svm
trainm:121
testm:121
linear:0.13223
quadratic:0.0082645
mlp:0.57025
rbf:0.0082645
******************************
all_result.svm
trainm:121
testm:153
linear:0.16993
quadratic:0.071895
mlp:0.54248
rbf:0.071895
