******************************
test_result.svm
trainm:131
testm:22
linear:0.45455
quadratic:0.27273
mlp:0.63636
rbf:0.31818
polynomial:0.22727
******************************
train_result.svm
trainm:131
testm:131
linear:0.12977
quadratic:0.0076336
mlp:0.54198
rbf:0.0076336
polynomial:0.0076336
******************************
all_result.svm
trainm:131
testm:153
linear:0.17647
quadratic:0.045752
mlp:0.55556
rbf:0.052288
polynomial:0.039216
