******************************
test_result.svm
trainm:131
testm:22
linear:0.63636
quadratic:0.31818
mlp:0.5
rbf:0.31818
******************************
train_result.svm
trainm:131
testm:131
linear:0.099237
quadratic:0.0076336
mlp:0.56489
rbf:0.0076336
******************************
all_result.svm
trainm:131
testm:153
linear:0.17647
quadratic:0.052288
mlp:0.55556
rbf:0.052288
