test_result.svm
trainm:121
testm:32
linear:0.28125
quadratic:0.21875
mlp:0.4375
rbf:0.4375
polynomial:0.3125
train_result.svm
trainm:121
testm:121
linear:0.18182
quadratic:0.0082645
mlp:0.59504
rbf:0.0082645
polynomial:0.0082645
all_result.svm
trainm:121
testm:153
linear:0.20261
quadratic:0.052288
mlp:0.56209
rbf:0.098039
polynomial:0.071895
