******************************
test_result.svm
trainm:116
testm:37
linear:0.48649
quadratic:0.32432
mlp:0.54054
rbf:0.2973
polynomial:0.40541
******************************
train_result.svm
trainm:116
testm:116
linear:0.068966
quadratic:0.0086207
mlp:0.53448
rbf:0.0086207
polynomial:0.0086207
******************************
all_result.svm
trainm:116
testm:153
linear:0.16993
quadratic:0.084967
mlp:0.53595
rbf:0.078431
polynomial:0.10458
