******************************
test_result.svm
trainm:125
testm:28
linear:0.35714
quadratic:0.35714
mlp:0.46429
rbf:0.46429
polynomial:0.39286
******************************
train_result.svm
trainm:125
testm:125
linear:0.168
quadratic:0.008
mlp:0.616
rbf:0.008
polynomial:0.008
******************************
all_result.svm
trainm:125
testm:153
linear:0.20261
quadratic:0.071895
mlp:0.58824
rbf:0.091503
polynomial:0.078431
