******************************
test_result.svm
trainm:126
testm:27
linear:0.37037
quadratic:0.33333
mlp:0.51852
rbf:0.40741
polynomial:0.2963
******************************
train_result.svm
trainm:126
testm:126
linear:0.15079
quadratic:0.0079365
mlp:0.5873
rbf:0.0079365
polynomial:0.0079365
******************************
all_result.svm
trainm:126
testm:153
linear:0.18954
quadratic:0.065359
mlp:0.57516
rbf:0.078431
polynomial:0.058824
