******************************
test_result.svm
trainm:126
testm:27
linear:0.51852
quadratic:0.2963
mlp:0.51852
rbf:0.2963
polynomial:0.2963
******************************
train_result.svm
trainm:126
testm:126
linear:0.13492
quadratic:0.0079365
mlp:0.5873
rbf:0.0079365
polynomial:0.0079365
******************************
all_result.svm
trainm:126
testm:153
linear:0.20261
quadratic:0.058824
mlp:0.57516
rbf:0.058824
polynomial:0.058824
