******************************
test_result.svm
trainm:120
testm:33
linear:0.45455
quadratic:0.27273
mlp:0.45455
rbf:0.36364
polynomial:0.45455
******************************
train_result.svm
trainm:120
testm:120
linear:0.10833
quadratic:0.0083333
mlp:0.53333
rbf:0.0083333
polynomial:0.0083333
******************************
all_result.svm
trainm:120
testm:153
linear:0.18301
quadratic:0.065359
mlp:0.51634
rbf:0.084967
polynomial:0.10458
