test_result.svm
trainm:123
testm:30
linear:0.4
quadratic:0.4
mlp:0.56667
rbf:0.36667
polynomial:0.3
train_result.svm
trainm:123
testm:123
linear:0.14634
quadratic:0
mlp:0.60163
rbf:0
polynomial:0
all_result.svm
trainm:123
testm:153
linear:0.19608
quadratic:0.078431
mlp:0.59477
rbf:0.071895
polynomial:0.058824
