test_result.svm
trainm:124
testm:29
linear:0.41379
quadratic:0.17241
mlp:0.48276
rbf:0.34483
polynomial:0.2069
train_result.svm
trainm:124
testm:124
linear:0.14516
quadratic:0.0080645
mlp:0.55645
rbf:0.0080645
polynomial:0.0080645
all_result.svm
trainm:124
testm:153
linear:0.19608
quadratic:0.039216
mlp:0.54248
rbf:0.071895
polynomial:0.045752
