test_result.svm
trainm:125
testm:28
linear:0.57143
quadratic:0.46429
mlp:0.39286
rbf:0.25
polynomial:0.35714
train_result.svm
trainm:125
testm:125
linear:0.112
quadratic:0.008
mlp:0.448
rbf:0.008
polynomial:0.008
all_result.svm
trainm:125
testm:153
linear:0.19608
quadratic:0.091503
mlp:0.43791
rbf:0.052288
polynomial:0.071895
