******************************
test_result.svm
trainm:116
testm:37
linear:0.56757
quadratic:0.2973
mlp:0.62162
rbf:0.35135
******************************
train_result.svm
trainm:116
testm:116
linear:0.10345
quadratic:0.0086207
mlp:0.53448
rbf:0.0086207
******************************
all_result.svm
trainm:116
testm:153
linear:0.21569
quadratic:0.078431
mlp:0.55556
rbf:0.091503
