******************************
test_result.svm
trainm:115
testm:38
linear:0.42105
quadratic:0.44737
mlp:0.5
rbf:0.26316
polynomial:0.31579
******************************
train_result.svm
trainm:115
testm:115
linear:0.095652
quadratic:0.0086957
mlp:0.55652
rbf:0.0086957
polynomial:0.0086957
******************************
all_result.svm
trainm:115
testm:153
linear:0.17647
quadratic:0.11765
mlp:0.54248
rbf:0.071895
polynomial:0.084967
