******************************
test_result.svm
trainm:128
testm:25
linear:0.32
quadratic:0.2
mlp:0.52
rbf:0.28
polynomial:0.28
******************************
train_result.svm
trainm:128
testm:128
linear:0.16406
quadratic:0.0078125
mlp:0.53906
rbf:0.0078125
polynomial:0.0078125
******************************
all_result.svm
trainm:128
testm:153
linear:0.18954
quadratic:0.039216
mlp:0.53595
rbf:0.052288
polynomial:0.052288
