******************************
test_result.svm
trainm:115
testm:38
linear:0.47368
quadratic:0.39474
mlp:0.52632
rbf:0.23684
polynomial:0.5
******************************
train_result.svm
trainm:115
testm:115
linear:0.043478
quadratic:0.0086957
mlp:0.53913
rbf:0.0086957
polynomial:0.0086957
******************************
all_result.svm
trainm:115
testm:153
linear:0.15033
quadratic:0.10458
mlp:0.53595
rbf:0.065359
polynomial:0.13072
