******************************
test_result.svm
trainm:127
testm:26
linear:0.30769
quadratic:0.30769
mlp:0.30769
rbf:0.34615
polynomial:0.38462
******************************
train_result.svm
trainm:127
testm:127
linear:0.1811
quadratic:0.007874
mlp:0.59055
rbf:0.007874
polynomial:0.007874
******************************
all_result.svm
trainm:127
testm:153
linear:0.20261
quadratic:0.058824
mlp:0.54248
rbf:0.065359
polynomial:0.071895
