******************************
test_result.svm
trainm:119
testm:34
linear:0.41176
quadratic:0.44118
mlp:0.5
rbf:0.35294
polynomial:0.26471
******************************
train_result.svm
trainm:119
testm:119
linear:0.15126
quadratic:0.0084034
mlp:0.56303
rbf:0.0084034
polynomial:0.0084034
******************************
all_result.svm
trainm:119
testm:153
linear:0.20915
quadratic:0.10458
mlp:0.54902
rbf:0.084967
polynomial:0.065359
