******************************
test_result.svm
trainm:123
testm:30
linear:0.4
quadratic:0.3
mlp:0.5
rbf:0.36667
polynomial:0.26667
******************************
train_result.svm
trainm:123
testm:123
linear:0.11382
quadratic:0.0081301
mlp:0.54472
rbf:0.0081301
polynomial:0.0081301
******************************
all_result.svm
trainm:123
testm:153
linear:0.16993
quadratic:0.065359
mlp:0.53595
rbf:0.078431
polynomial:0.058824
