******************************
test_result.svm
trainm:124
testm:29
linear:0.51724
quadratic:0.34483
mlp:0.27586
rbf:0.27586
polynomial:0.34483
******************************
train_result.svm
trainm:124
testm:124
linear:0.10484
quadratic:0.0080645
mlp:0.37903
rbf:0.0080645
polynomial:0.0080645
******************************
all_result.svm
trainm:124
testm:153
linear:0.18301
quadratic:0.071895
mlp:0.35948
rbf:0.058824
polynomial:0.071895
