******************************
test_result.svm
trainm:131
testm:22
linear:0.59091
quadratic:0.31818
mlp:0.68182
rbf:0.45455
******************************
train_result.svm
trainm:131
testm:131
linear:0.12977
quadratic:0.0076336
mlp:0.51145
rbf:0.0076336
******************************
all_result.svm
trainm:131
testm:153
linear:0.19608
quadratic:0.052288
mlp:0.53595
rbf:0.071895
