******************************
test_result.svm
trainm:118
testm:35
quadratic:0.31429
mlp:0.54286
rbf:0.31429
polynomial:0.25714
******************************
train_result.svm
trainm:118
testm:118
quadratic:0.0084746
mlp:0.61017
rbf:0.0084746
polynomial:0.0084746
******************************
all_result.svm
trainm:118
testm:153
quadratic:0.078431
mlp:0.59477
rbf:0.078431
polynomial:0.065359
