******************************
test_result.svm
trainm:119
testm:34
linear:0.44118
quadratic:0.35294
mlp:0.58824
rbf:0.47059
******************************
train_result.svm
trainm:119
testm:119
linear:0.13445
quadratic:0.0084034
mlp:0.59664
rbf:0.0084034
******************************
all_result.svm
trainm:119
testm:153
linear:0.20261
quadratic:0.084967
mlp:0.59477
rbf:0.11111
