******************************
test_result.svm
trainm:127
testm:26
linear:0.38462
quadratic:0.34615
mlp:0.46154
rbf:0.46154
polynomial:0.46154
******************************
train_result.svm
trainm:127
testm:127
linear:0.12598
quadratic:0.007874
mlp:0.59055
rbf:0.007874
polynomial:0.007874
******************************
all_result.svm
trainm:127
testm:153
linear:0.16993
quadratic:0.065359
mlp:0.56863
rbf:0.084967
polynomial:0.084967
