******************************
test_result.svm
trainm:126
testm:27
linear:0.37037
quadratic:0.25926
mlp:0.37037
rbf:0.40741
polynomial:0.25926
******************************
train_result.svm
trainm:126
testm:126
linear:0.13492
quadratic:0.0079365
mlp:0.60317
rbf:0.0079365
polynomial:0.0079365
******************************
all_result.svm
trainm:126
testm:153
linear:0.17647
quadratic:0.052288
mlp:0.56209
rbf:0.078431
polynomial:0.052288
