******************************
test_result.svm
trainm:119
testm:34
linear:0.41176
quadratic:0.35294
mlp:0.38235
rbf:0.38235
******************************
train_result.svm
trainm:119
testm:119
linear:0.16807
quadratic:0.0084034
mlp:0.57143
rbf:0.0084034
******************************
all_result.svm
trainm:119
testm:153
linear:0.22222
quadratic:0.084967
mlp:0.52941
rbf:0.091503
