******************************
test_result.svm
trainm:124
testm:29
linear:0.48276
quadratic:0.34483
mlp:0.41379
rbf:0.34483
******************************
train_result.svm
trainm:124
testm:124
linear:0.1129
quadratic:0.0080645
mlp:0.60484
rbf:0.0080645
******************************
all_result.svm
trainm:124
testm:153
linear:0.18301
quadratic:0.071895
mlp:0.56863
rbf:0.071895
