******************************
test_result.svm
trainm:124
testm:29
linear:0.31034
quadratic:0.34483
mlp:0.44828
rbf:0.34483
******************************
train_result.svm
trainm:124
testm:124
linear:0.10484
quadratic:0.0080645
mlp:0.59677
rbf:0.0080645
******************************
all_result.svm
trainm:124
testm:153
linear:0.14379
quadratic:0.071895
mlp:0.56863
rbf:0.071895
