******************************
test_result.svm
trainm:124
testm:29
linear:0.34483
quadratic:0.37931
mlp:0.27586
rbf:0.27586
******************************
train_result.svm
trainm:124
testm:124
linear:0.12097
quadratic:0.0080645
mlp:0.37097
rbf:0.0080645
******************************
all_result.svm
trainm:124
testm:153
linear:0.1634
quadratic:0.078431
mlp:0.35294
rbf:0.058824
