******************************
test_result.svm
trainm:121
testm:32
linear:0.5
quadratic:0.40625
mlp:0.5625
rbf:0.28125
polynomial:0.4375
******************************
train_result.svm
trainm:121
testm:121
linear:0.10744
quadratic:0.0082645
mlp:0.57025
rbf:0.0082645
polynomial:0.0082645
******************************
all_result.svm
trainm:121
testm:153
linear:0.18954
quadratic:0.091503
mlp:0.56863
rbf:0.065359
polynomial:0.098039
