******************************
test_result.svm
trainm:131
testm:22
linear:0.36364
quadratic:0.31818
mlp:0.63636
rbf:0.40909
polynomial:0.40909
******************************
train_result.svm
trainm:131
testm:131
linear:0.14504
quadratic:0.0076336
mlp:0.53435
rbf:0.0076336
polynomial:0.0076336
******************************
all_result.svm
trainm:131
testm:153
linear:0.17647
quadratic:0.052288
mlp:0.54902
rbf:0.065359
polynomial:0.065359
