******************************
test_result.svm
trainm:119
testm:34
linear:0.38235
quadratic:0.38235
mlp:0.5
rbf:0.29412
polynomial:0.38235
******************************
train_result.svm
trainm:119
testm:119
linear:0.11765
quadratic:0.0084034
mlp:0.59664
rbf:0.0084034
polynomial:0.0084034
******************************
all_result.svm
trainm:119
testm:153
linear:0.17647
quadratic:0.091503
mlp:0.57516
rbf:0.071895
polynomial:0.091503
