******************************
test_result.svm
trainm:124
testm:29
linear:0.37931
quadratic:0.41379
mlp:0.51724
rbf:0.34483
******************************
train_result.svm
trainm:124
testm:124
linear:0.14516
quadratic:0.0080645
mlp:0.6129
rbf:0.0080645
******************************
all_result.svm
trainm:124
testm:153
linear:0.18954
quadratic:0.084967
mlp:0.59477
rbf:0.071895
