******************************
test_result.svm
trainm:127
testm:26
linear:0.34615
quadratic:0.46154
mlp:0.53846
rbf:0.61538
polynomial:0.46154
******************************
train_result.svm
trainm:127
testm:127
linear:0.094488
quadratic:0.007874
mlp:0.5748
rbf:0.007874
polynomial:0.007874
******************************
all_result.svm
trainm:127
testm:153
linear:0.13725
quadratic:0.084967
mlp:0.56863
rbf:0.11111
polynomial:0.084967
