******************************
test_result.svm
trainm:124
testm:29
linear:0.41379
quadratic:0.41379
mlp:0.41379
rbf:0.34483
polynomial:0.31034
******************************
train_result.svm
trainm:124
testm:124
linear:0.10484
quadratic:0.0080645
mlp:0.55645
rbf:0.0080645
polynomial:0.0080645
******************************
all_result.svm
trainm:124
testm:153
linear:0.1634
quadratic:0.084967
mlp:0.52941
rbf:0.071895
polynomial:0.065359
