******************************
test_result.svm
trainm:122
testm:31
linear:0.45161
quadratic:0.41935
mlp:0.32258
rbf:0.32258
polynomial:0.35484
******************************
train_result.svm
trainm:122
testm:122
linear:0.11475
quadratic:0.0081967
mlp:0.55738
rbf:0.0081967
polynomial:0.0081967
******************************
all_result.svm
trainm:122
testm:153
linear:0.18301
quadratic:0.091503
mlp:0.5098
rbf:0.071895
polynomial:0.078431
