******************************
test_result.svm
trainm:119
testm:34
linear:0.38235
quadratic:0.47059
mlp:0.55882
rbf:0.26471
polynomial:0.35294
******************************
train_result.svm
trainm:119
testm:119
linear:0.13445
quadratic:0.0084034
mlp:0.57143
rbf:0.0084034
polynomial:0.0084034
******************************
all_result.svm
trainm:119
testm:153
linear:0.18954
quadratic:0.11111
mlp:0.56863
rbf:0.065359
polynomial:0.084967
