******************************
test_result.svm
trainm:120
testm:33
linear:0.51515
quadratic:0.36364
mlp:0.60606
rbf:0.27273
******************************
train_result.svm
trainm:120
testm:120
linear:0.15
quadratic:0.0083333
mlp:0.56667
rbf:0.0083333
******************************
all_result.svm
trainm:120
testm:153
linear:0.22876
quadratic:0.084967
mlp:0.57516
rbf:0.065359
