******************************
test_result.svm
trainm:120
testm:33
linear:0.45455
quadratic:0.39394
mlp:0.45455
rbf:0.39394
polynomial:0.39394
******************************
train_result.svm
trainm:120
testm:120
linear:0.15
quadratic:0.0083333
mlp:0.6
rbf:0.0083333
polynomial:0.0083333
******************************
all_result.svm
trainm:120
testm:153
linear:0.21569
quadratic:0.091503
mlp:0.56863
rbf:0.091503
polynomial:0.091503
