******************************
test_result.svm
trainm:125
testm:28
linear:0.42857
quadratic:0.35714
mlp:0.60714
rbf:0.32143
polynomial:0.42857
******************************
train_result.svm
trainm:125
testm:125
linear:0.152
quadratic:0.008
mlp:0.568
rbf:0.008
polynomial:0.008
******************************
all_result.svm
trainm:125
testm:153
linear:0.20261
quadratic:0.071895
mlp:0.57516
rbf:0.065359
polynomial:0.084967
