******************************
test_result.svm
trainm:127
testm:26
linear:0.38462
quadratic:0.26923
mlp:0.53846
rbf:0.26923
******************************
train_result.svm
trainm:127
testm:127
linear:0.16535
quadratic:0.007874
mlp:0.55906
rbf:0.007874
******************************
all_result.svm
trainm:127
testm:153
linear:0.20261
quadratic:0.052288
mlp:0.55556
rbf:0.052288
