******************************
test_result.svm
trainm:121
testm:32
linear:0.40625
quadratic:0.3125
mlp:0.34375
rbf:0.375
******************************
train_result.svm
trainm:121
testm:121
linear:0.12397
quadratic:0.0082645
mlp:0.3719
rbf:0.0082645
******************************
all_result.svm
trainm:121
testm:153
linear:0.18301
quadratic:0.071895
mlp:0.36601
rbf:0.084967
