******************************
test_result.svm
trainm:134
testm:19
linear:0.31579
quadratic:0.57895
mlp:0.36842
rbf:0.31579
polynomial:0.31579
******************************
train_result.svm
trainm:134
testm:134
linear:0.16418
quadratic:0.0074627
mlp:0.52239
rbf:0.0074627
polynomial:0.0074627
******************************
all_result.svm
trainm:134
testm:153
linear:0.18301
quadratic:0.078431
mlp:0.50327
rbf:0.045752
polynomial:0.045752
