******************************
test_result.svm
trainm:124
testm:29
linear:0.34483
quadratic:0.34483
mlp:0.44828
rbf:0.34483
polynomial:0.37931
******************************
train_result.svm
trainm:124
testm:124
linear:0.10484
quadratic:0.0080645
mlp:0.62903
rbf:0.0080645
polynomial:0.0080645
******************************
all_result.svm
trainm:124
testm:153
linear:0.15033
quadratic:0.071895
mlp:0.59477
rbf:0.071895
polynomial:0.078431
