******************************
test_result.svm
trainm:119
testm:34
linear:0.35294
quadratic:0.41176
mlp:0.44118
rbf:0.38235
polynomial:0.35294
******************************
train_result.svm
trainm:119
testm:119
linear:0.13445
quadratic:0.0084034
mlp:0.57983
rbf:0.0084034
polynomial:0.0084034
******************************
all_result.svm
trainm:119
testm:153
linear:0.18301
quadratic:0.098039
mlp:0.54902
rbf:0.091503
polynomial:0.084967
