******************************
test_result.svm
trainm:120
testm:33
linear:0.39394
quadratic:0.21212
mlp:0.60606
rbf:0.30303
******************************
train_result.svm
trainm:120
testm:120
linear:0.11667
quadratic:0.0083333
mlp:0.56667
rbf:0.0083333
******************************
all_result.svm
trainm:120
testm:153
linear:0.17647
quadratic:0.052288
mlp:0.57516
rbf:0.071895
