******************************
test_result.svm
trainm:119
testm:34
linear:0.47059
quadratic:0.41176
mlp:0.47059
rbf:0.41176
******************************
train_result.svm
trainm:119
testm:119
linear:0.10084
quadratic:0.0084034
mlp:0.59664
rbf:0.0084034
******************************
all_result.svm
trainm:119
testm:153
linear:0.18301
quadratic:0.098039
mlp:0.56863
rbf:0.098039
