******************************
test_result.svm
trainm:115
testm:38
linear:0.47368
quadratic:0.31579
mlp:0.39474
rbf:0.28947
polynomial:0.34211
******************************
train_result.svm
trainm:115
testm:115
linear:0.11304
quadratic:0.0086957
mlp:0.62609
rbf:0.0086957
polynomial:0.0086957
******************************
all_result.svm
trainm:115
testm:153
linear:0.20261
quadratic:0.084967
mlp:0.56863
rbf:0.078431
polynomial:0.091503
