******************************
test_result.svm
trainm:120
testm:33
linear:0.45455
quadratic:0.27273
mlp:0.48485
rbf:0.39394
******************************
train_result.svm
trainm:120
testm:120
linear:0.10833
quadratic:0.0083333
mlp:0.58333
rbf:0.0083333
******************************
all_result.svm
trainm:120
testm:153
linear:0.18301
quadratic:0.065359
mlp:0.56209
rbf:0.091503
