******************************
test_result.svm
trainm:114
testm:39
linear:0.25641
quadratic:0.23077
mlp:0.38462
rbf:0.23077
******************************
train_result.svm
trainm:114
testm:114
linear:0.16667
quadratic:0.0087719
mlp:0.64035
rbf:0.0087719
******************************
all_result.svm
trainm:114
testm:153
linear:0.18954
quadratic:0.065359
mlp:0.57516
rbf:0.065359
