******************************
test_result.svm
trainm:122
testm:31
quadratic:0.3871
mlp:0.58065
rbf:0.35484
polynomial:0.32258
******************************
train_result.svm
trainm:122
testm:122
quadratic:0.0081967
mlp:0.58197
rbf:0.0081967
polynomial:0.0081967
******************************
all_result.svm
trainm:122
testm:153
quadratic:0.084967
mlp:0.5817
rbf:0.078431
polynomial:0.071895
