******************************
test_result.svm
trainm:127
testm:26
linear:0.38462
quadratic:0.38462
mlp:0.61538
rbf:0.34615
polynomial:0.26923
******************************
train_result.svm
trainm:127
testm:127
linear:0.17323
quadratic:0.007874
mlp:0.56693
rbf:0.007874
polynomial:0.007874
******************************
all_result.svm
trainm:127
testm:153
linear:0.20915
quadratic:0.071895
mlp:0.57516
rbf:0.065359
polynomial:0.052288
