******************************
test_result.svm
trainm:118
testm:35
linear:0.37143
quadratic:0.42857
mlp:0.48571
rbf:0.28571
polynomial:0.31429
******************************
train_result.svm
trainm:118
testm:118
linear:0.09322
quadratic:0.0084746
mlp:0.54237
rbf:0.0084746
polynomial:0.0084746
******************************
all_result.svm
trainm:118
testm:153
linear:0.15686
quadratic:0.10458
mlp:0.52941
rbf:0.071895
polynomial:0.078431
