******************************
test_result.svm
trainm:123
testm:30
linear:0.56667
quadratic:0.33333
mlp:0.3
rbf:0.23333
polynomial:0.36667
******************************
train_result.svm
trainm:123
testm:123
linear:0.12195
quadratic:0.0081301
mlp:0.39024
rbf:0.0081301
polynomial:0.0081301
******************************
all_result.svm
trainm:123
testm:153
linear:0.20915
quadratic:0.071895
mlp:0.37255
rbf:0.052288
polynomial:0.078431
