******************************
test_result.svm
trainm:126
testm:27
linear:0.48148
quadratic:0.40741
mlp:0.55556
rbf:0.37037
polynomial:0.33333
******************************
train_result.svm
trainm:126
testm:126
linear:0.11905
quadratic:0.0079365
mlp:0.56349
rbf:0.0079365
polynomial:0.0079365
******************************
all_result.svm
trainm:126
testm:153
linear:0.18301
quadratic:0.078431
mlp:0.56209
rbf:0.071895
polynomial:0.065359
