******************************
test_result.svm
trainm:124
testm:29
linear:0.37931
quadratic:0.31034
mlp:0.51724
rbf:0.41379
polynomial:0.24138
******************************
train_result.svm
trainm:124
testm:124
linear:0.12903
quadratic:0.0080645
mlp:0.60484
rbf:0.0080645
polynomial:0.0080645
******************************
all_result.svm
trainm:124
testm:153
linear:0.17647
quadratic:0.065359
mlp:0.58824
rbf:0.084967
polynomial:0.052288
