******************************
test_result.svm
trainm:114
testm:39
linear:0.4359
quadratic:0.38462
mlp:0.38462
rbf:0.4359
polynomial:0.38462
******************************
train_result.svm
trainm:114
testm:114
linear:0.11404
quadratic:0.0087719
mlp:0.5614
rbf:0.0087719
polynomial:0.0087719
******************************
all_result.svm
trainm:114
testm:153
linear:0.19608
quadratic:0.10458
mlp:0.51634
rbf:0.11765
polynomial:0.10458
