******************************
test_result.svm
trainm:118
testm:35
linear:0.4
quadratic:0.42857
mlp:0.54286
rbf:0.34286
polynomial:0.34286
******************************
train_result.svm
trainm:118
testm:118
linear:0.12712
quadratic:0.0084746
mlp:0.61017
rbf:0.0084746
polynomial:0.0084746
******************************
all_result.svm
trainm:118
testm:153
linear:0.18954
quadratic:0.10458
mlp:0.59477
rbf:0.084967
polynomial:0.084967
