******************************
test_result.svm
trainm:129
testm:24
linear:0.41667
quadratic:0.33333
mlp:0.54167
rbf:0.41667
polynomial:0.29167
******************************
train_result.svm
trainm:129
testm:129
linear:0.13178
quadratic:0.0077519
mlp:0.57364
rbf:0.0077519
polynomial:0.0077519
******************************
all_result.svm
trainm:129
testm:153
linear:0.17647
quadratic:0.058824
mlp:0.56863
rbf:0.071895
polynomial:0.052288
