******************************
test_result.svm
trainm:121
testm:32
linear:0.3125
quadratic:0.34375
mlp:0.4375
rbf:0.4375
polynomial:0.34375
******************************
train_result.svm
trainm:121
testm:121
linear:0.15702
quadratic:0.0082645
mlp:0.33058
rbf:0.0082645
polynomial:0.0082645
******************************
all_result.svm
trainm:121
testm:153
linear:0.18954
quadratic:0.078431
mlp:0.35294
rbf:0.098039
polynomial:0.078431
