******************************
test_result.svm
trainm:129
testm:24
linear:0.25
quadratic:0.25
mlp:0.375
rbf:0.41667
polynomial:0.29167
******************************
train_result.svm
trainm:129
testm:129
linear:0.16279
quadratic:0.0077519
mlp:0.57364
rbf:0.0077519
polynomial:0.0077519
******************************
all_result.svm
trainm:129
testm:153
linear:0.17647
quadratic:0.045752
mlp:0.54248
rbf:0.071895
polynomial:0.052288
