******************************
test_result.svm
trainm:127
testm:26
linear:0.34615
quadratic:0.26923
mlp:0.46154
rbf:0.26923
polynomial:0.34615
******************************
train_result.svm
trainm:127
testm:127
linear:0.16535
quadratic:0.007874
mlp:0.55906
rbf:0.007874
polynomial:0.007874
******************************
all_result.svm
trainm:127
testm:153
linear:0.19608
quadratic:0.052288
mlp:0.54248
rbf:0.052288
polynomial:0.065359
