******************************
test_result.svm
trainm:126
testm:27
linear:0.51852
quadratic:0.2963
mlp:0.55556
rbf:0.40741
polynomial:0.40741
******************************
train_result.svm
trainm:126
testm:126
linear:0.13492
quadratic:0.0079365
mlp:0.46032
rbf:0.0079365
polynomial:0.0079365
******************************
all_result.svm
trainm:126
testm:153
linear:0.20261
quadratic:0.058824
mlp:0.47712
rbf:0.078431
polynomial:0.078431
