******************************
test_result.svm
trainm:117
testm:36
linear:0.5
quadratic:0.30556
mlp:0.36111
rbf:0.36111
******************************
train_result.svm
trainm:117
testm:117
linear:0.11111
quadratic:0.008547
mlp:0.35897
rbf:0.008547
******************************
all_result.svm
trainm:117
testm:153
linear:0.20261
quadratic:0.078431
mlp:0.35948
rbf:0.091503
