******************************
test_result.svm
trainm:130
testm:23
linear:0.3913
quadratic:0.43478
mlp:0.56522
rbf:0.3913
polynomial:0.43478
******************************
train_result.svm
trainm:130
testm:130
linear:0.11538
quadratic:0.0076923
mlp:0.57692
rbf:0.0076923
polynomial:0.0076923
******************************
all_result.svm
trainm:130
testm:153
linear:0.15686
quadratic:0.071895
mlp:0.57516
rbf:0.065359
polynomial:0.071895
