******************************
test_result.svm
trainm:126
testm:27
linear:0.37037
quadratic:0.33333
mlp:0.48148
rbf:0.44444
polynomial:0.33333
******************************
train_result.svm
trainm:126
testm:126
linear:0.12698
quadratic:0.0079365
mlp:0.53175
rbf:0.0079365
polynomial:0.0079365
******************************
all_result.svm
trainm:126
testm:153
linear:0.16993
quadratic:0.065359
mlp:0.52288
rbf:0.084967
polynomial:0.065359
