******************************
test_result.svm
trainm:116
testm:37
linear:0.40541
quadratic:0.40541
mlp:0.48649
rbf:0.32432
polynomial:0.32432
******************************
train_result.svm
trainm:116
testm:116
linear:0.11207
quadratic:0.0086207
mlp:0.64655
rbf:0.0086207
polynomial:0.0086207
******************************
all_result.svm
trainm:116
testm:153
linear:0.18301
quadratic:0.10458
mlp:0.60784
rbf:0.084967
polynomial:0.084967
