******************************
test_result.svm
trainm:135
testm:18
quadratic:0.33333
mlp:0.55556
rbf:0.44444
polynomial:0.38889
******************************
train_result.svm
trainm:135
testm:135
quadratic:0.0074074
mlp:0.57037
rbf:0.0074074
polynomial:0.0074074
******************************
all_result.svm
trainm:135
testm:153
quadratic:0.045752
mlp:0.56863
rbf:0.058824
polynomial:0.052288
