******************************
test_result.svm
trainm:116
testm:37
linear:0.48649
quadratic:0.51351
mlp:0.37838
rbf:0.51351
polynomial:0.40541
******************************
train_result.svm
trainm:116
testm:116
linear:0.086207
quadratic:0.0086207
mlp:0.5
rbf:0.0086207
polynomial:0.0086207
******************************
all_result.svm
trainm:116
testm:153
linear:0.18301
quadratic:0.13072
mlp:0.47059
rbf:0.13072
polynomial:0.10458
