******************************
test_result.svm
trainm:120
testm:33
linear:0.39394
quadratic:0.30303
mlp:0.33333
rbf:0.33333
polynomial:0.30303
******************************
train_result.svm
trainm:120
testm:120
linear:0.11667
quadratic:0.0083333
mlp:0.36667
rbf:0.0083333
polynomial:0.0083333
******************************
all_result.svm
trainm:120
testm:153
linear:0.17647
quadratic:0.071895
mlp:0.35948
rbf:0.078431
polynomial:0.071895
