******************************
test_result.svm
trainm:120
testm:33
linear:0.39394
quadratic:0.33333
mlp:0.42424
rbf:0.36364
polynomial:0.30303
******************************
train_result.svm
trainm:120
testm:120
linear:0.14167
quadratic:0.0083333
mlp:0.59167
rbf:0.0083333
polynomial:0.0083333
******************************
all_result.svm
trainm:120
testm:153
linear:0.19608
quadratic:0.078431
mlp:0.55556
rbf:0.084967
polynomial:0.071895
