******************************
test_result.svm
trainm:127
testm:26
quadratic:0.34615
mlp:0.34615
rbf:0.34615
polynomial:0.23077
******************************
train_result.svm
trainm:127
testm:127
quadratic:0.007874
mlp:0.3622
rbf:0.007874
polynomial:0.007874
******************************
all_result.svm
trainm:127
testm:153
quadratic:0.065359
mlp:0.35948
rbf:0.065359
polynomial:0.045752
