******************************
test_result.svm
trainm:118
testm:35
linear:0.34286
quadratic:0.34286
mlp:0.62857
rbf:0.34286
polynomial:0.34286
******************************
train_result.svm
trainm:118
testm:118
linear:0.11017
quadratic:0.0084746
mlp:0.54237
rbf:0.0084746
polynomial:0.0084746
******************************
all_result.svm
trainm:118
testm:153
linear:0.1634
quadratic:0.084967
mlp:0.56209
rbf:0.084967
polynomial:0.084967
