******************************
test_result.svm
trainm:123
testm:30
linear:0.4
quadratic:0.46667
mlp:0.46667
rbf:0.46667
polynomial:0.36667
******************************
train_result.svm
trainm:123
testm:123
linear:0.10569
quadratic:0.0081301
mlp:0.55285
rbf:0.0081301
polynomial:0.0081301
******************************
all_result.svm
trainm:123
testm:153
linear:0.1634
quadratic:0.098039
mlp:0.53595
rbf:0.098039
polynomial:0.078431
