******************************
test_result.svm
trainm:122
testm:31
linear:0.48387
quadratic:0.41935
mlp:0.45161
rbf:0.35484
polynomial:0.45161
******************************
train_result.svm
trainm:122
testm:122
linear:0.12295
quadratic:0.0081967
mlp:0.53279
rbf:0.0081967
polynomial:0.0081967
******************************
all_result.svm
trainm:122
testm:153
linear:0.19608
quadratic:0.091503
mlp:0.51634
rbf:0.078431
polynomial:0.098039
